free_thresh: 0.196
image: gray_aichallenge.png
negate: 0
occupied_thresh: 0.65
origin: [89596.04875963967, 43104.14697498529, 0.0]
resolution: 0.2
